2 0.002150672
4 4.91492E-4
5 7.330743333333334E-4
6 6.313285E-4
7 5.283291875E-4
8 4.37384909090909E-4
9 5.291121842105264E-4
10 5.571948750000001E-4
11 8.213687594936709E-4
12 6.393970099009903E-4
13 8.239112178217823E-4
14 5.450554554455446E-4
15 7.222782079207922E-4
16 0.0012036595247524758
17 0.0025680939603960396
18 0.0034295912970297025
19 0.008400566613861389
20 0.015499822000000002
21 0.031096331603960397
22 0.059166389257425754
23 0.12389894690099007
24 0.25546653027722765
25 0.49009458353465346
26 1.4106534155841581
27 3.901856546039604
28 6.058448870128713
29 13.183296096950498
30 19.394622618742574
31 21.999847594315792
32 63.0811189985
